610.072
616.1484
622.2248
628.3012
634.3776
640.454
645.7417
651.0294
656.3171
661.6048
666.8925
672.1802
677.4679
682.7556
688.0433
693.331
697.7525
702.174
706.5955
711.017
715.4385
719.86
724.2815
728.703
733.1245
737.546
741.8888
746.2316
750.5744
754.9172
759.26
763.6028
767.9456
772.2884
776.6312
780.974
785.3085
789.643
793.9775
798.312
802.6465
806.981
811.3155
815.65
819.9845
824.319
828.8
833.281
837.762
842.243
846.724
851.205
855.686
860.167
864.648
869.129
873.7543
878.3796
883.0049
887.6302
892.2555
896.8808
901.5061
906.1314
910.7567
915.382
919.5761
923.7702
927.9643
932.1584
936.3525
940.5466
944.7407
948.9348
953.1289
957.323
961.5639
965.8048
970.0457
974.2866
978.5275
982.7684
987.0093
991.2502
995.4911
999.732
