8.675297
8.690559
8.672434
8.588522
8.731622
8.656843
8.705329
8.710837
8.779538
8.88108
8.889073
8.855623
8.890302
8.970415
8.994813
8.970404
9.01139
9.087852
9.158731
9.192761
9.239287
9.29168
9.285233
9.265572
9.288648
9.328994
9.462098
9.38774
9.41431
9.448202
9.609249
9.485482
9.565446
9.684031
9.614284
9.694467
9.726295
9.747879
9.757386
9.608796
9.641045
9.770995
9.742352
9.796592
9.916409
9.872927
9.917323
9.831298
9.903288
9.949226
9.938757
9.906492
10.0522
10.12341
10.05677
10.03515
10.15485
10.10464
10.14022
10.01775
10.0404
10.12528
10.14282
10.07594
10.17164
10.13498
10.19414
10.18391
10.21408
10.28647
10.34326
10.36761
10.42976
10.40206
10.42453
10.47028
10.29423
10.36496
10.41431
10.37051
10.38555
10.56985
10.41433
10.46481
10.49041
10.63625
