7.7703
7.748408
7.773489
7.760674
7.68326
7.688951
7.719447
7.762868
7.812851
7.857596
7.658871
7.709552
7.760136
7.798015
7.826817
7.87309
7.779778
7.801484
7.882436
7.898692
7.910658
7.942442
7.995897
7.852424
7.900966
7.888625
7.909284
7.972064
8.027557
7.996051
7.98597
7.991285
7.999414
8.060495
8.03672
8.000854
8.052032
8.082597
7.996338
8.053326
8.031754
8.111577
8.094627
8.031709
8.007318
8.095837
8.117538
8.143558
8.130748
8.172531
8.127379
8.187099
8.111224
8.151466
8.169456
8.101865
8.178459
8.129808
8.050891
8.17917
8.246259
8.146784
8.200435
8.180712
8.117205
8.172884
8.05218
8.172236
8.235012
8.150908
8.116993
8.093237
8.173196
8.201108
8.185326
8.221334
8.053387
8.080946
8.170227
8.073812
7.962113
8.068597
8.022413
8.01689
8.060344
8.044727
