   1638.58   1638.58      0.00
   1650.79   1654.90     -0.25
   1672.49   1671.22      0.08
   1685.91   1687.54     -0.10
   1686.31   1703.86     -1.03
   1703.70   1720.18     -0.96
   1723.21   1734.38     -0.64
   1746.28   1748.58     -0.13
   1771.33   1762.79      0.48
   1795.93   1776.99      1.07
   1767.63   1791.19     -1.32
   1792.72   1805.39     -0.70
   1817.81   1819.60     -0.10
   1840.58   1833.80      0.37
   1861.60   1848.00      0.74
   1886.29   1862.20      1.29
   1878.02   1874.08      0.21
   1894.80   1885.95      0.47
   1924.92   1897.83      1.43
   1941.11   1909.70      1.64
   1955.81   1921.58      1.78
   1975.05   1933.46      2.15
   2000.24   1945.33      2.82
   1979.23   1957.21      1.13
   2002.75   1969.08      1.71
   2012.02   1980.96      1.57
   2028.86   1992.62      1.82
   2056.01   2004.29      2.58
   2081.54   2015.95      3.25
   2085.87   2027.61      2.87
   2094.83   2039.28      2.72
   2109.33   2050.94      2.85
   2123.15   2062.61      2.94
   2151.79   2074.27      3.74
   2157.59   2085.94      3.44
   2160.56   2097.60      3.00
   2185.23   2109.24      3.60
   2205.36   2120.88      3.98
   2195.28   2132.53      2.94
   2221.98   2144.17      3.63
   2228.82   2155.81      3.39
   2261.00   2167.45      4.32
   2270.67   2179.09      4.20
   2265.35   2190.74      3.41
   2270.19   2202.38      3.08
   2307.35   2214.02      4.22
   2326.54   2226.05      4.51
   2345.71   2238.09      4.81
   2354.05   2250.13      4.62
   2379.40   2262.16      5.18
   2380.79   2274.20      4.69
   2408.76   2286.23      5.36
   2399.58   2298.27      4.41
   2423.85   2310.30      4.91
   2442.67   2322.34      5.18
   2435.53   2334.37      4.33
   2470.02   2346.80      5.25
   2471.98   2359.22      4.78
   2462.40   2371.64      3.83
   2510.31   2384.07      5.30
   2544.08   2396.49      6.16
   2528.38   2408.91      4.96
   2557.93   2421.33      5.64
   2565.05   2433.76      5.39
   2559.07   2446.18      4.61
   2588.67   2458.60      5.29
   2564.38   2469.87      3.83
   2609.73   2481.13      5.18
   2643.36   2492.40      6.06
   2630.88   2503.66      5.08
   2633.18   2514.93      4.70
   2637.49   2526.19      4.41
   2671.84   2537.46      5.30
   2694.65   2548.72      5.73
   2699.79   2559.99      5.46
   2718.43   2571.25      5.72
   2680.33   2582.64      3.78
   2701.10   2594.03      4.13
   2742.09   2605.42      5.25
   2724.33   2616.81      4.11
   2700.65   2628.20      2.76
   2747.94   2639.59      4.10
   2744.73   2650.99      3.54
   2755.27   2662.38      3.49
   2782.33   2673.77      4.06
