   1819.34   1819.34      0.00
   1840.52   1837.46      0.17
   1855.01   1855.59     -0.03
   1855.98   1873.71     -0.95
   1903.43   1891.83      0.61
   1906.11   1909.95     -0.20
   1932.02   1925.72      0.33
   1949.00   1941.49      0.39
   1979.47   1957.25      1.14
   2017.21   1973.02      2.24
   2035.06   1988.79      2.33
   2043.91   2004.56      1.96
   2067.60   2020.33      2.34
   2101.45   2036.10      3.21
   2123.16   2051.87      3.47
   2134.00   2067.64      3.21
   2156.87   2080.82      3.65
   2187.90   2094.01      4.48
   2217.86   2107.19      5.25
   2239.55   2120.38      5.62
   2264.22   2133.56      6.12
   2290.38   2146.75      6.69
   2302.94   2159.94      6.62
   2312.38   2173.12      6.41
   2331.87   2186.31      6.66
   2355.52   2199.49      7.09
   2401.19   2212.44      8.53
   2397.39   2225.40      7.73
   2417.76   2238.35      8.02
   2439.99   2251.30      8.38
   2493.33   2264.25     10.12
   2477.22   2277.20      8.78
   2511.05   2290.15      9.65
   2554.66   2303.10     10.92
   2551.64   2316.05     10.17
   2586.00   2329.00     11.03
   2608.37   2341.93     11.38
   2628.24   2354.86     11.61
   2645.08   2367.78     11.71
   2621.46   2380.71     10.11
   2644.01   2393.63     10.46
   2691.92   2406.56     11.86
   2698.93   2419.49     11.55
   2727.53   2432.41     12.13
   2773.48   2445.34     13.42
   2776.67   2458.27     12.95
   2803.54   2471.63     13.43
   2795.75   2484.99     12.51
   2830.10   2498.36     13.28
   2857.61   2511.72     13.77
   2869.98   2525.08     13.66
   2876.38   2538.45     13.31
   2931.38   2551.81     14.87
   2966.29   2565.17     15.64
   2963.35   2578.53     14.92
   2972.70   2591.90     14.69
   3021.91   2605.69     15.97
   3023.83   2619.48     15.44
   3049.78   2633.28     15.82
   3031.05   2647.07     14.51
   3053.30   2660.86     14.75
   3093.43   2674.66     15.66
   3114.43   2688.45     15.84
   3111.07   2702.25     15.13
   3154.76   2716.04     16.15
   3160.08   2729.83     15.76
   3191.91   2742.34     16.39
   3203.45   2754.85     16.28
   3226.92   2767.35     16.61
   3263.01   2779.86     17.38
   3294.61   2792.37     17.99
   3316.66   2804.88     18.25
   3350.12   2817.39     18.91
   3356.64   2829.89     18.61
   3378.28   2842.40     18.85
   3407.07   2854.91     19.34
   3368.31   2867.55     17.46
   3404.91   2880.20     18.22
   3435.09   2892.85     18.74
   3436.54   2905.50     18.28
   3456.18   2918.14     18.44
   3528.70   2930.79     20.40
   3495.17   2943.44     18.74
   3526.09   2956.08     19.28
   3549.27   2968.73     19.56
   3610.66   2981.38     21.11
