   1860.86   1860.86      0.00
   1895.31   1897.56     -0.12
   1926.35   1932.78     -0.33
   1956.45   1966.66     -0.52
   1985.47   1999.34     -0.69
   2016.79   2030.94     -0.70
   2049.33   2061.29     -0.58
   2077.21   2090.50     -0.64
   2104.67   2118.69     -0.66
   2133.07   2145.96     -0.60
   2162.94   2172.42     -0.44
   2189.00   2198.13     -0.42
   2212.62   2223.18     -0.47
   2240.09   2247.62     -0.33
   2266.84   2271.53     -0.21
   2295.25   2294.96      0.01
   2320.87   2317.63      0.14
   2346.10   2339.63      0.28
   2375.00   2361.02      0.59
   2400.85   2381.87      0.80
   2422.81   2402.22      0.86
   2448.06   2422.14      1.07
   2473.56   2441.65      1.31
   2497.21   2460.81      1.48
   2520.76   2479.65      1.66
   2542.99   2498.20      1.79
   2560.67   2516.46      1.76
   2584.42   2534.46      1.97
   2607.16   2552.23      2.15
   2629.92   2569.79      2.34
   2652.67   2587.16      2.53
   2673.56   2604.36      2.66
   2694.54   2621.41      2.79
   2713.52   2638.32      2.85
   2731.55   2655.11      2.88
   2754.99   2671.79      3.11
   2772.47   2688.36      3.13
   2792.92   2704.84      3.26
   2812.40   2721.24      3.35
   2826.53   2737.56      3.25
   2848.15   2753.82      3.43
   2867.25   2770.02      3.51
   2884.96   2786.16      3.55
   2900.89   2802.25      3.52
   2921.42   2818.30      3.66
   2946.28   2834.31      3.95
   2961.84   2850.33      3.91
   2974.34   2866.38      3.77
   2996.41   2882.43      3.95
   3009.55   2898.50      3.83
   3033.29   2914.58      4.07
   3053.87   2930.68      4.20
   3064.90   2946.78      4.01
   3086.74   2962.89      4.18
   3104.82   2979.00      4.22
   3119.01   2995.13      4.14
   3135.05   3011.31      4.11
   3150.12   3027.54      4.05
   3173.37   3043.83      4.26
   3188.53   3060.15      4.20
   3203.68   3076.51      4.13
   3230.67   3092.91      4.45
   3252.47   3109.34      4.60
   3271.29   3125.80      4.65
   3292.51   3142.28      4.78
   3314.59   3158.78      4.93
   3332.77   3175.15      4.96
   3348.51   3191.40      4.92
   3369.19   3207.53      5.04
   3391.61   3223.57      5.21
   3406.35   3239.51      5.15
   3423.45   3255.38      5.16
   3441.49   3271.17      5.21
   3458.67   3286.90      5.23
   3472.46   3302.57      5.14
   3493.85   3318.19      5.29
   3510.61   3333.78      5.30
   3530.86   3349.34      5.42
   3551.88   3364.87      5.56
   3570.28   3380.39      5.62
   3583.46   3395.88      5.52
   3601.42   3411.36      5.57
   3614.12   3426.82      5.47
   3638.29   3442.26      5.69
   3655.26   3457.70      5.71
   3666.61   3473.12      5.57
