   1822.12   1822.12      0.00
   1824.36   1823.99      0.02
   1828.09   1827.84      0.01
   1831.53   1833.43     -0.10
   1840.24   1840.55     -0.02
   1848.29   1849.01     -0.04
   1858.47   1858.37      0.01
   1869.46   1868.50      0.05
   1882.73   1879.32      0.18
   1898.77   1890.75      0.42
   1915.01   1902.71      0.65
   1930.42   1915.12      0.80
   1946.77   1927.95      0.98
   1965.04   1941.14      1.23
   1983.68   1954.64      1.49
   2001.44   1968.42      1.68
   2019.72   1982.13      1.90
   2039.35   1995.77      2.18
   2060.03   2009.36      2.52
   2080.75   2022.89      2.86
   2101.83   2036.39      3.21
   2123.38   2049.85      3.59
   2143.92   2063.27      3.91
   2163.22   2076.66      4.17
   2182.50   2090.03      4.42
   2202.20   2103.38      4.70
   2224.56   2116.68      5.10
   2244.12   2129.94      5.36
   2263.72   2143.16      5.63
   2283.56   2156.34      5.90
   2306.78   2169.50      6.33
   2325.89   2182.63      6.56
   2346.48   2195.74      6.87
   2369.37   2208.83      7.27
   2389.54   2221.91      7.54
   2411.11   2234.97      7.88
   2432.71   2248.01      8.22
   2454.07   2261.04      8.54
   2474.92   2274.05      8.83
   2491.15   2287.06      8.92
   2508.02   2300.05      9.04
   2528.07   2313.04      9.30
   2546.75   2326.02      9.49
   2566.41   2338.99      9.72
   2588.67   2351.96     10.06
   2608.96   2364.92     10.32
   2629.88   2377.94     10.60
   2647.86   2390.99     10.74
   2667.48   2404.08     10.96
   2687.85   2417.21     11.20
   2707.39   2430.36     11.40
   2725.58   2443.54     11.54
   2747.42   2456.74     11.83
   2770.50   2469.96     12.17
   2790.96   2483.20     12.39
   2810.29   2496.46     12.57
   2832.54   2509.78     12.86
   2852.74   2523.15     13.06
   2873.49   2536.58     13.28
   2890.27   2550.05     13.34
   2907.59   2563.57     13.42
   2927.18   2577.11     13.58
   2946.89   2590.69     13.75
   2964.28   2604.29     13.82
   2984.28   2617.92     13.99
   3002.80   2631.56     14.11
   3022.61   2645.07     14.27
   3041.57   2658.46     14.41
   3060.95   2671.74     14.57
   3081.94   2684.92     14.79
   3103.92   2698.02     15.04
   3125.86   2711.05     15.30
   3148.86   2724.02     15.60
   3170.22   2736.93     15.83
   3191.56   2749.79     16.07
   3213.58   2762.61     16.32
   3229.64   2775.40     16.37
   3247.72   2788.18     16.48
   3266.96   2800.95     16.64
   3284.45   2813.69     16.73
   3302.13   2826.43     16.83
   3325.07   2839.16     17.11
   3342.54   2851.87     17.21
   3361.30   2864.58     17.34
   3380.47   2877.28     17.49
   3403.65   2889.97     17.77
