   2203.48   2203.48      0.00
   2199.04   2225.43     -1.19
   2196.67   2247.38     -2.26
   2218.59   2269.32     -2.24
   2238.00   2291.27     -2.32
   2294.01   2313.22     -0.83
   2341.20   2332.31      0.38
   2322.86   2351.41     -1.21
   2347.32   2370.51     -0.98
   2386.40   2389.61     -0.13
   2432.68   2408.71      1.00
   2421.07   2427.81     -0.28
   2421.12   2446.90     -1.05
   2487.94   2466.00      0.89
   2508.23   2485.10      0.93
   2554.75   2504.20      2.02
   2552.99   2520.17      1.30
   2575.32   2536.14      1.54
   2643.44   2552.11      3.58
   2638.82   2568.08      2.75
   2622.18   2584.05      1.48
   2681.45   2600.02      3.13
   2710.53   2615.99      3.61
   2716.00   2631.96      3.19
   2739.09   2647.93      3.44
   2748.67   2663.90      3.18
   2721.31   2679.58      1.56
   2806.26   2695.27      4.12
   2819.28   2710.95      4.00
   2842.95   2726.64      4.27
   2866.02   2742.32      4.51
   2868.47   2758.01      4.00
   2890.80   2773.70      4.22
   2889.77   2789.38      3.60
   2898.66   2805.07      3.34
   2977.19   2820.75      5.55
   2934.62   2836.41      3.46
   2985.15   2852.06      4.67
   2994.97   2867.72      4.44
   2956.32   2883.37      2.53
   3052.60   2899.03      5.30
   3046.39   2914.68      4.52
   3050.36   2930.34      4.10
   3048.70   2946.00      3.49
   3115.40   2961.65      5.19
   3185.68   2977.31      7.00
   3106.67   2993.49      3.78
   3089.22   3009.68      2.64
   3206.65   3025.86      5.97
   3130.75   3042.05      2.92
   3261.02   3058.23      6.63
   3249.26   3074.41      5.69
   3166.19   3090.60      2.45
   3294.92   3106.78      6.06
   3275.09   3122.97      4.87
   3250.75   3139.15      3.55
   3284.80   3155.86      4.09
   3290.36   3172.56      3.71
   3395.98   3189.27      6.48
   3329.74   3205.98      3.86
   3344.76   3222.68      3.79
   3492.69   3239.39      7.82
   3460.86   3256.09      6.29
   3449.43   3272.80      5.40
   3495.30   3289.51      6.26
   3526.41   3306.21      6.66
   3505.19   3321.36      5.53
   3496.58   3336.51      4.80
   3567.14   3351.66      6.43
   3607.76   3366.81      7.16
   3545.12   3381.95      4.82
   3585.62   3397.10      5.55
   3613.23   3412.25      5.89
   3621.76   3427.40      5.67
   3601.97   3442.55      4.63
   3699.79   3457.70      7.00
   3669.72   3473.01      5.66
   3725.43   3488.33      6.80
   3754.60   3503.65      7.16
   3746.49   3518.97      6.47
   3707.60   3534.28      4.90
   3773.06   3549.60      6.30
   3733.52   3564.92      4.73
   3873.95   3580.24      8.20
   3817.19   3595.55      6.16
   3773.09   3610.87      4.49
