   1797.65   1797.65      0.00
   1777.71   1778.37     -0.04
   1763.44   1763.91     -0.03
   1752.93   1753.62     -0.04
   1743.77   1746.93     -0.18
   1738.25   1743.35     -0.29
   1736.30   1742.18     -0.34
   1737.80   1743.10     -0.30
   1742.44   1745.81     -0.19
   1749.66   1750.08     -0.02
   1752.05   1755.69     -0.21
   1757.54   1762.47     -0.28
   1765.69   1770.25     -0.26
   1775.77   1778.90     -0.18
   1787.25   1788.30     -0.06
   1800.44   1798.35      0.12
   1810.74   1808.65      0.12
   1821.91   1819.17      0.15
   1835.57   1829.86      0.31
   1849.49   1840.72      0.48
   1863.53   1851.72      0.64
   1878.24   1862.83      0.83
   1894.19   1874.05      1.07
   1905.32   1885.36      1.06
   1918.06   1896.75      1.12
   1930.33   1908.20      1.16
   1943.18   1919.68      1.22
   1957.83   1931.18      1.38
   1973.83   1942.71      1.60
   1988.34   1954.26      1.74
   2002.20   1965.82      1.85
   2015.97   1977.40      1.95
   2029.77   1988.99      2.05
   2045.26   2000.59      2.23
   2059.54   2012.19      2.35
   2072.39   2023.81      2.40
   2086.76   2035.43      2.52
   2101.82   2047.05      2.68
   2113.68   2058.68      2.67
   2127.42   2070.31      2.76
   2140.23   2081.94      2.80
   2155.56   2093.57      2.96
   2169.92   2105.21      3.07
   2181.88   2116.84      3.07
   2193.03   2128.48      3.03
   2207.28   2140.12      3.14
   2222.03   2151.81      3.26
   2237.37   2163.55      3.41
   2251.92   2175.33      3.52
   2267.63   2187.14      3.68
   2281.40   2198.98      3.75
   2297.06   2210.85      3.90
   2309.71   2222.75      3.91
   2323.75   2234.66      3.99
   2338.23   2246.59      4.08
   2350.09   2258.54      4.05
   2364.80   2270.54      4.15
   2377.56   2282.61      4.16
   2387.49   2294.72      4.04
   2402.45   2306.88      4.14
   2419.55   2319.07      4.33
   2432.56   2331.30      4.34
   2447.53   2343.55      4.44
   2461.53   2355.83      4.49
   2473.06   2368.12      4.43
   2486.84   2380.43      4.47
   2495.81   2392.61      4.31
   2509.69   2404.65      4.37
   2525.64   2416.60      4.51
   2537.91   2428.45      4.51
   2548.82   2440.22      4.45
   2558.91   2451.93      4.36
   2572.31   2463.57      4.41
   2586.57   2475.16      4.50
   2599.92   2486.71      4.55
   2614.46   2498.23      4.65
   2622.05   2509.72      4.48
   2631.30   2521.20      4.37
   2644.44   2532.67      4.41
   2653.57   2544.13      4.30
   2658.43   2555.58      4.02
   2668.60   2567.02      3.96
   2677.08   2578.46      3.82
   2685.75   2589.89      3.70
   2696.64   2601.31      3.66
   2707.00   2612.73      3.61
