    5007.246    
    5034.200    
    5083.000    
    5113.229    
    5129.453    
    5137.610    
    5138.102    
    5130.671    
    5118.013    
    5101.690    
    5082.370    
    5060.637    
    5034.040    
    5005.772    
    4972.454    
    4936.827    
    4901.668    
    4867.454    
    4828.619    
    4789.813    
    4749.717    
    4708.173    
    4669.639    
    4627.065    
    4586.539    
    4545.575    
    4509.383    
    4475.449    
    4434.265    
    4392.870    
    4352.881    
    4315.471    
    4276.964    
    4241.127    
    4204.788    
    4168.494    
    4130.781    
    4096.500    
    4062.205    
    4029.174    
    3995.197    
    3962.500    
    3932.422    
    3900.858    
    3870.462    
    3840.981    
    3813.748    
    3786.157    
    3758.717    
    3728.652    
    3700.500    
    3673.559    
    3645.612    
    3618.583    
    3590.780    
    3563.499    
    3536.603    
    3508.072    
    3479.634    
    3452.138    
    3425.152    
    3396.646    
    3368.987    
    3340.210    
    3311.698    
    3283.679    
    3254.537    
    3227.758    
    3201.849    
    3175.046    
    3151.383    
    3129.140    
    3107.771    
    3087.675    
    3066.912    
    3047.778    
    3028.435    
    3011.617    
    2995.006    
    2979.137    
    2963.532    
    2948.673    
    2935.183    
    2921.503    
    2907.962    
    2895.227    
