    351.0186    
    349.7883    
    354.7943    
    340.2585    
    334.3528    
    340.5373    
    339.7288    
    324.7272    
    318.6668    
    319.1806    
    319.2279    
    316.9109    
    306.1442    
    305.6640    
    306.2784    
    301.5398    
    298.5536    
    292.2461    
    295.8462    
    295.3345    
    287.5205    
    291.3628    
    291.8187    
    284.2360    
    283.4562    
    278.4846    
    284.6302    
    287.0189    
    281.8703    
    276.3759    
    279.3457    
    282.5075    
    276.1336    
    277.6897    
    282.0114    
    275.7922    
    275.4075    
    272.6557    
    266.5464    
    272.5109    
    275.9650    
    269.2420    
    265.5497    
    259.5662    
    260.9270    
    265.3404    
    266.4372    
    259.4320    
    256.0546    
    254.2258    
    254.5291    
    259.2610    
    254.9523    
    256.3073    
    256.4641    
    251.0816    
    247.3571    
    245.8059    
    244.1575    
    243.5901    
    243.3677    
    239.2261    
    247.7933    
    249.6319    
    239.0400    
    241.5390    
    239.4797    
    244.6363    
    239.7305    
    227.7120    
    229.3943    
    236.7446    
    229.9270    
    229.7766    
    229.5534    
    231.7670    
    226.6821    
    227.4969    
    226.8525    
    219.4838    
    219.8146    
    219.6186    
    224.0990    
    220.9067    
    222.2825    
    221.2739    
