   0.3234785    
   0.3159490    
   0.3121935    
   0.3141561    
   0.3096801    
   0.3012600    
   0.2982594    
   0.2987032    
   0.2938609    
   0.2850766    
   0.2771656    
   0.2761881    
   0.2718382    
   0.2629166    
   0.2585830    
   0.2532108    
   0.2521730    
   0.2535863    
   0.2474684    
   0.2465581    
   0.2433224    
   0.2391356    
   0.2373322    
   0.2373353    
   0.2354916    
   0.2318992    
   0.2241140    
   0.2230474    
   0.2226942    
   0.2197164    
   0.2150022    
   0.2119288    
   0.2112653    
   0.2068992    
   0.2019707    
   0.2028526    
   0.2011814    
   0.2009261    
   0.1998668    
   0.1939848    
   0.1943158    
   0.1950643    
   0.1946878    
   0.1962467    
   0.1928363    
   0.1886962    
   0.1870378    
   0.1887009    
   0.1893597    
   0.1869957    
   0.1841716    
   0.1835778    
   0.1834057    
   0.1809178    
   0.1804031    
   0.1838467    
   0.1814035    
   0.1796496    
   0.1786057    
   0.1764733    
   0.1771925    
   0.1743550    
   0.1691221    
   0.1719615    
   0.1708252    
   0.1683120    
   0.1681277    
   0.1641631    
   0.1673504    
   0.1705606    
   0.1654112    
   0.1645803    
   0.1656685    
   0.1639429    
   0.1642600    
   0.1632466    
   0.1640491    
   0.1600160    
   0.1625133    
   0.1639972    
   0.1617090    
   0.1600918    
   0.1575309    
   0.1581263    
   0.1573036    
   0.1572243    
