   6.4466693E-02
   6.2084179E-02
   6.1407704E-02
   6.3087158E-02
   6.2605403E-02
   5.9639707E-02
   5.9463132E-02
   6.1357629E-02
   6.0789820E-02
   5.8409717E-02
   5.6191158E-02
   5.6721780E-02
   5.6737963E-02
   5.4048646E-02
   5.3725060E-02
   5.2755434E-02
   5.3099733E-02
   5.4342177E-02
   5.2350268E-02
   5.3095866E-02
   5.2228030E-02
   5.1246092E-02
   5.1178705E-02
   5.2044470E-02
   5.1680837E-02
   5.1307540E-02
   4.8608214E-02
   4.8764408E-02
   4.9531206E-02
   4.9257431E-02
   4.8121411E-02
   4.7554657E-02
   4.8238587E-02
   4.7080204E-02
   4.5718145E-02
   4.7149941E-02
   4.6751086E-02
   4.7246743E-02
   4.6953913E-02
   4.4652224E-02
   4.5161594E-02
   4.5976277E-02
   4.6231259E-02
   4.7704641E-02
   4.6263237E-02
   4.4808999E-02
   4.4317182E-02
   4.5602459E-02
   4.6166245E-02
   4.5299631E-02
   4.4372540E-02
   4.4470564E-02
   4.4750515E-02
   4.3847565E-02
   4.4098705E-02
   4.5781042E-02
   4.5239177E-02
   4.5006569E-02
   4.4750344E-02
   4.4115234E-02
   4.5062292E-02
   4.4110969E-02
   4.1885097E-02
   4.3620098E-02
   4.3527592E-02
   4.2836905E-02
   4.3116763E-02
   4.1330792E-02
   4.2970240E-02
   4.4915438E-02
   4.2926013E-02
   4.2485654E-02
   4.3249380E-02
   4.2636011E-02
   4.3149699E-02
   4.2775635E-02
   4.3336287E-02
   4.1692834E-02
   4.2878225E-02
   4.3999404E-02
   4.3187398E-02
   4.2569727E-02
   4.1477252E-02
   4.1882038E-02
   4.1635159E-02
   4.1766722E-02
