    325.1227    
    315.3430    
    313.4856    
    321.0230    
    315.9878    
    307.3883    
    308.6641    
    316.6518    
    315.1025    
    310.9572    
    302.2946    
    303.9228    
    303.8546    
    295.6579    
    293.1076    
    291.0246    
    292.7485    
    295.9851    
    289.0405    
    292.3085    
    292.8654    
    286.4368    
    289.0435    
    291.7187    
    291.2829    
    289.3629    
    280.7368    
    279.3019    
    282.4562    
    280.1955    
    277.5012    
    277.5596    
    279.5320    
    274.3592    
    270.9607    
    272.6998    
    271.5912    
    271.9152    
    271.1556    
    264.7562    
    263.8622    
    267.0053    
    270.5718    
    269.2939    
    266.9981    
    261.9898    
    261.4437    
    264.7058    
    264.4773    
    262.1945    
    259.6756    
    259.9013    
    261.0953    
    257.7766    
    257.0228    
    262.0340    
    258.0065    
    256.3300    
    255.8489    
    253.5110    
    254.6970    
    251.5853    
    245.7749    
    252.0518    
    250.1318    
    247.5420    
    248.6450    
    243.3418    
    247.9188    
    252.0118    
    243.9292    
    243.7460    
    246.2874    
    244.0958    
    242.6714    
    242.7753    
    244.9422    
    241.2489    
    243.4862    
    244.4205    
    241.5561    
    239.8925    
    237.7993    
    239.4200    
    235.7646    
    237.9799    
