   1.9416226E-04
   1.9064608E-04
   1.9126228E-04
   1.9769632E-04
   1.9599662E-04
   1.9101308E-04
   1.9297999E-04
   2.0049971E-04
   1.9925534E-04
   1.9734733E-04
   1.9405551E-04
   1.9808106E-04
   1.9857251E-04
   1.9382780E-04
   1.9575657E-04
   1.9678834E-04
   1.9880735E-04
   2.0145916E-04
   1.9895972E-04
   2.0196073E-04
   1.9994826E-04
   1.9895907E-04
   2.0028411E-04
   2.0391955E-04
   2.0244285E-04
   2.0299402E-04
   1.9866682E-04
   1.9923045E-04
   2.0338473E-04
   2.0074636E-04
   1.9882258E-04
   1.9903439E-04
   2.0088191E-04
   1.9711081E-04
   1.9591663E-04
   1.9978381E-04
   1.9907660E-04
   2.0164535E-04
   2.0085415E-04
   1.9500121E-04
   1.9615557E-04
   1.9953745E-04
   2.0304431E-04
   2.0370272E-04
   2.0278785E-04
   2.0020713E-04
   2.0021385E-04
   2.0360250E-04
   2.0497853E-04
   2.0276119E-04
   2.0078164E-04
   2.0108512E-04
   2.0245549E-04
   1.9996385E-04
   2.0202687E-04
   2.0669629E-04
   2.0541884E-04
   2.0579372E-04
   2.0452820E-04
   2.0452820E-04
   2.0606612E-04
   2.0394509E-04
   1.9894131E-04
   2.0556392E-04
   2.0379643E-04
   2.0228910E-04
   2.0376632E-04
   2.0068082E-04
   2.0442887E-04
   2.0944783E-04
   2.0473037E-04
   2.0536438E-04
   2.0847080E-04
   2.0568114E-04
   2.0753867E-04
   2.0552991E-04
   2.0749999E-04
   2.0337210E-04
   2.0724315E-04
   2.0948566E-04
   2.0771631E-04
   2.0680625E-04
   2.0483970E-04
   2.0683238E-04
   2.0570740E-04
   2.0623440E-04
