3.818588e+08
6.868407e+08
9.91708e+08
1.296218e+09
1.600227e+09
1.903645e+09
2.206335e+09
2.508135e+09
2.809032e+09
3.10883e+09
3.407414e+09
3.704758e+09
4.000595e+09
4.294961e+09
4.587662e+09
4.878612e+09
5.167737e+09
5.454818e+09
5.739851e+09
6.022566e+09
6.303226e+09
6.581222e+09
6.856828e+09
7.129789e+09
7.399972e+09
7.667372e+09
7.931865e+09
8.193212e+09
8.451534e+09
8.706564e+09
8.958198e+09
9.206522e+09
9.451358e+09
9.692382e+09
9.929788e+09
1.016343e+10
1.03931e+10
1.061894e+10
1.08405e+10
1.105812e+10
1.127128e+10
1.148036e+10
1.16848e+10
1.188501e+10
1.208046e+10
1.227141e+10
1.245766e+10
1.2639e+10
1.281564e+10
1.298736e+10
1.315407e+10
1.331562e+10
1.34723e+10
1.362368e+10
1.376989e+10
1.39108e+10
1.404638e+10
1.417644e+10
1.430135e+10
1.442063e+10
1.453437e+10
1.464259e+10
1.474517e+10
1.484211e+10
1.493333e+10
1.501888e+10
1.509865e+10
1.517262e+10
1.52408e+10
1.530312e+10
1.53596e+10
1.541016e+10
1.545485e+10
1.54936e+10
1.552642e+10
1.555329e+10
1.557419e+10
1.558913e+10
1.55981e+10
1.560095e+10
1.55981e+10
1.558913e+10
1.557419e+10
1.555329e+10
1.552642e+10
1.54936e+10
1.545485e+10
1.541016e+10
1.53596e+10
1.530312e+10
1.52408e+10
1.517262e+10
1.509865e+10
1.501888e+10
1.493333e+10
1.484211e+10
1.474517e+10
1.464259e+10
1.453437e+10
1.442063e+10
1.430135e+10
1.417644e+10
1.404638e+10
1.39108e+10
1.376989e+10
1.362368e+10
1.34723e+10
1.331562e+10
1.315407e+10
1.298736e+10
1.281564e+10
1.2639e+10
1.245766e+10
1.227141e+10
1.208046e+10
1.188501e+10
1.16848e+10
1.148036e+10
1.127128e+10
1.105812e+10
1.08405e+10
1.061894e+10
1.03931e+10
1.016343e+10
9.929788e+09
9.692382e+09
9.451358e+09
9.206522e+09
8.958198e+09
8.706564e+09
8.451534e+09
8.193212e+09
7.931865e+09
7.667372e+09
7.399972e+09
7.129789e+09
6.856828e+09
6.581222e+09
6.303226e+09
6.022566e+09
5.739851e+09
5.454818e+09
5.167737e+09
4.878612e+09
4.587662e+09
4.294961e+09
4.000595e+09
3.704758e+09
3.407414e+09
3.10883e+09
2.809032e+09
2.508135e+09
2.206335e+09
1.903645e+09
1.600227e+09
1.296218e+09
9.91708e+08
6.868407e+08
3.818588e+08
3.818588e+08
