   5.4870173E-03
   5.4870173E-03
   5.5659884E-03
   5.5659884E-03
   5.4397085E-03
   5.4397085E-03
   5.4818378E-03
   5.4818378E-03
   5.6485217E-03
   5.6485217E-03
   5.5713574E-03
   5.5713574E-03
   5.5092289E-03
   5.5092289E-03
   5.4566548E-03
   5.4566548E-03
   5.5519082E-03
   5.5519082E-03
   5.6645437E-03
   5.6645437E-03
   5.6670103E-03
   5.6670103E-03
   5.7256422E-03
   5.7256422E-03
   5.5462904E-03
   5.5462904E-03
   5.6770369E-03
   5.6770369E-03
   5.6826738E-03
   5.6826738E-03
   5.6277723E-03
   5.6277723E-03
   5.6734961E-03
   5.6734961E-03
   5.6907590E-03
   5.6907590E-03
   5.7306173E-03
   5.7306173E-03
   5.8104801E-03
   5.8104801E-03
   5.6305411E-03
   5.6305411E-03
   5.6905188E-03
   5.6905188E-03
   5.6890366E-03
   5.6890366E-03
   5.6780619E-03
   5.6780619E-03
   5.7851896E-03
   5.7851896E-03
   5.7924823E-03
   5.7924823E-03
   5.6917672E-03
   5.6917672E-03
   5.7285191E-03
   5.7285191E-03
   5.7384782E-03
   5.7384782E-03
   5.7975654E-03
   5.7975654E-03
   5.7916814E-03
   5.7916814E-03
   5.6443387E-03
   5.6443387E-03
   5.6771818E-03
   5.6771818E-03
   5.7991915E-03
   5.7991915E-03
   5.7213395E-03
   5.7213395E-03
   5.7840939E-03
   5.7840939E-03
   5.8463360E-03
   5.8463360E-03
   5.7605053E-03
   5.7605053E-03
   5.8239610E-03
   5.8239610E-03
   5.7000197E-03
   5.7000197E-03
   5.8244630E-03
   5.8244630E-03
   5.8621354E-03
   5.8621354E-03
   5.7201092E-03
   5.7201092E-03
   5.7924204E-03
   5.7924204E-03
   5.7305037E-03
   5.7305037E-03
   5.7304897E-03
   5.7304897E-03
   5.7933070E-03
   5.7933070E-03
   5.6559853E-03
   5.6559853E-03
   5.7096747E-03
   5.7096747E-03
   5.8730948E-03
   5.8730948E-03
   5.9429468E-03
   5.9429468E-03
   5.8363308E-03
   5.8363308E-03
   5.8582132E-03
   5.8582132E-03
   5.9056208E-03
   5.9056208E-03
   5.9499345E-03
   5.9499345E-03
   5.7808678E-03
   5.7808678E-03
   5.7238247E-03
   5.7238247E-03
   5.7482314E-03
   5.7482314E-03
   5.8256718E-03
   5.8256718E-03
   5.8594402E-03
   5.8594402E-03
   5.8590588E-03
   5.8590588E-03
   5.7942527E-03
   5.7942527E-03
   5.7382542E-03
   5.7382542E-03
   5.8358554E-03
   5.8358554E-03
   5.8337399E-03
   5.8337399E-03
   5.8309562E-03
   5.8309562E-03
   5.6915670E-03
   5.6915670E-03
   5.6995847E-03
   5.6995847E-03
   5.7914476E-03
   5.7914476E-03
   5.8788708E-03
   5.8788708E-03
   5.8064484E-03
   5.8064484E-03
   5.8296309E-03
   5.8296309E-03
   5.8518858E-03
   5.8518858E-03
   5.7655727E-03
   5.7655727E-03
   5.7775849E-03
   5.7775849E-03
   5.8486736E-03
   5.8486736E-03
   5.8395606E-03
   5.8395606E-03
   5.7063415E-03
   5.7063415E-03
   5.7325386E-03
   5.7325386E-03
   5.7867239E-03
   5.7867239E-03
   5.6899493E-03
   5.6899493E-03
   5.7910085E-03
   5.7910085E-03
   5.7304851E-03
   5.7304851E-03
   5.6620785E-03
   5.6620785E-03
   5.8564842E-03
   5.8564842E-03
   5.7574562E-03
   5.7574562E-03
