   3.4753799E-03
   3.4944832E-03
   3.4415808E-03
   3.4753634E-03
   3.5544569E-03
   3.5034548E-03
   3.4948864E-03
   3.4591109E-03
   3.5130419E-03
   3.5842089E-03
   3.5692558E-03
   3.5885994E-03
   3.5204149E-03
   3.5745397E-03
   3.5750296E-03
   3.5482470E-03
   3.5746072E-03
   3.5796687E-03
   3.6033487E-03
   3.6378046E-03
   3.5576851E-03
   3.5810953E-03
   3.5880022E-03
   3.5886054E-03
   3.6383511E-03
   3.6399190E-03
   3.5900436E-03
   3.6170471E-03
   3.6071849E-03
   3.6428235E-03
   3.6524488E-03
   3.5865111E-03
   3.5935317E-03
   3.6568267E-03
   3.6100673E-03
   3.6485130E-03
   3.6729861E-03
   3.6390924E-03
   3.6655345E-03
   3.6067723E-03
   3.6762918E-03
   3.6812834E-03
   3.6171309E-03
   3.6457439E-03
   3.6269429E-03
   3.6247408E-03
   3.6458708E-03
   3.5898627E-03
   3.6212113E-03
   3.6995753E-03
   3.7202230E-03
   3.6724929E-03
   3.6806932E-03
   3.7108904E-03
   3.7099326E-03
   3.6412645E-03
   3.6122550E-03
   3.6184890E-03
   3.6503135E-03
   3.6598183E-03
   3.6659336E-03
   3.6471465E-03
   3.6249731E-03
   3.6773367E-03
   3.6640505E-03
   3.6594656E-03
   3.5963247E-03
   3.6072892E-03
   3.6431849E-03
   3.6889177E-03
   3.6479023E-03
   3.6589887E-03
   3.6598390E-03
   3.6308619E-03
   3.6234332E-03
   3.6578430E-03
   3.6401625E-03
   3.5968998E-03
   3.6111658E-03
   3.6189419E-03
   3.5816841E-03
   3.6266195E-03
   3.6081944E-03
   3.5734742E-03
   3.6443695E-03
   3.6050354E-03
