    5014.711    
    5040.666    
    5094.036    
    5138.829    
    5184.065    
    5224.725    
    5267.854    
    5316.330    
    5363.527    
    5411.707    
    5459.316    
    5509.486    
    5561.392    
    5611.234    
    5660.557    
    5712.784    
    5760.830    
    5815.683    
    5867.389    
    5922.780    
    5973.443    
    6028.214    
    6081.003    
    6130.459    
    6179.039    
    6233.009    
    6287.869    
    6342.002    
    6390.506    
    6440.729    
    6488.762    
    6541.314    
    6590.648    
    6641.850    
    6689.212    
    6738.251    
    6784.376    
    6837.490    
    6889.839    
    6939.660    
    6985.444    
    7034.144    
    7089.072    
    7140.939    
    7190.971    
    7243.529    
    7292.963    
    7345.302    
    7398.184    
    7447.584    
    7494.395    
    7547.169    
    7592.867    
    7647.139    
    7700.924    
    7753.673    
    7805.241    
    7860.021    
    7908.037    
    7963.713    
    8014.090    
    8062.830    
    8119.662    
    8167.252    
    8220.948    
    8276.104    
    8328.462    
    8376.098    
    8428.034    
    8473.373    
    8522.198    
    8571.646    
    8618.930    
    8671.300    
    8721.700    
    8769.894    
    8816.793    
    8866.867    
    8909.905    
    8950.956    
    8989.144    
    9027.579    
    9068.781    
    9114.687    
    9159.512    
    9198.612    
