    375.7707    
    376.7993    
    381.4874    
    369.4157    
    380.0206    
    383.4380    
    387.1847    
    391.4940    
    395.3714    
    382.2350    
    377.5276    
    383.5581    
    389.9608    
    383.6228    
    395.4132    
    392.8992    
    376.8201    
    393.2409    
    401.1438    
    383.5365    
    396.8545    
    398.7223    
    394.7924    
    395.8123    
    401.9022    
    396.8958    
    402.5991    
    412.1063    
    395.2610    
    404.6309    
    396.2218    
    389.4134    
    404.2136    
    401.2249    
    393.5356    
    400.2733    
    407.4912    
    403.3509    
    421.3201    
    416.2973    
    416.1250    
    411.0824    
    403.3314    
    416.3299    
    417.8217    
    413.0303    
    412.7566    
    420.2731    
    412.2489    
    401.2712    
    412.7422    
    413.1839    
    417.3962    
    416.1249    
    406.0730    
    421.1149    
    427.7042    
    405.9999    
    434.9147    
    429.4422    
    421.4526    
    424.0677    
    412.4141    
    410.3453    
    429.7245    
    416.9529    
    424.5017    
    432.8026    
    416.7692    
    417.4985    
    416.4421    
    441.2307    
    430.4467    
    428.8663    
    408.9782    
    414.2605    
    437.2610    
    440.0742    
    422.1986    
    423.1466    
    441.2855    
    433.4381    
    427.2148    
    429.5005    
    436.9745    
    406.5989    
