   2.4485213E-04
   2.4656198E-04
   2.4391549E-04
   2.4080860E-04
   2.4683026E-04
   2.4607874E-04
   2.4890044E-04
   2.4806548E-04
   2.4634702E-04
   2.3748029E-04
   2.4437552E-04
   2.4488519E-04
   2.4366245E-04
   2.4266013E-04
   2.4725558E-04
   2.4170791E-04
   2.3860123E-04
   2.4503059E-04
   2.4382374E-04
   2.3758422E-04
   2.4061614E-04
   2.4029409E-04
   2.3743544E-04
   2.4223229E-04
   2.3950869E-04
   2.3992371E-04
   2.4511787E-04
   2.4274013E-04
   2.3575094E-04
   2.3966488E-04
   2.3654134E-04
   2.3423047E-04
   2.3704312E-04
   2.3332571E-04
   2.3253664E-04
   2.3617822E-04
   2.3779274E-04
   2.3506377E-04
   2.3932406E-04
   2.4121026E-04
   2.4116402E-04
   2.3555190E-04
   2.3341544E-04
   2.3797790E-04
   2.3968886E-04
   2.3658368E-04
   2.3364596E-04
   2.3583115E-04
   2.3541891E-04
   2.3002620E-04
   2.3450110E-04
   2.3605656E-04
   2.3751444E-04
   2.3394689E-04
   2.3030274E-04
   2.3949322E-04
   2.3601984E-04
   2.3007294E-04
   2.4117342E-04
   2.3824902E-04
   2.3247668E-04
   2.3524281E-04
   2.3329111E-04
   2.3219595E-04
   2.3845800E-04
   2.3241875E-04
   2.3757614E-04
   2.3786347E-04
   2.3140381E-04
   2.3219851E-04
   2.3473527E-04
   2.4323764E-04
   2.3808243E-04
   2.3533439E-04
   2.3000524E-04
   2.2961116E-04
   2.4086998E-04
   2.4292285E-04
   2.3275368E-04
   2.3550598E-04
   2.4609466E-04
   2.3957829E-04
   2.3781580E-04
   2.4085102E-04
   2.3921464E-04
   2.3184206E-04
