    5016.061    
    5043.128    
    5089.476    
    5120.644    
    5138.708    
    5146.329    
    5143.673    
    5136.012    
    5121.486    
    5109.494    
    5090.217    
    5068.066    
    5043.933    
    5013.204    
    4978.545    
    4942.991    
    4908.584    
    4867.430    
    4828.008    
    4791.064    
    4748.950    
    4710.008    
    4668.675    
    4626.451    
    4587.452    
    4543.834    
    4501.958    
    4464.770    
    4423.492    
    4383.651    
    4347.798    
    4307.849    
    4270.642    
    4235.697    
    4197.566    
    4160.621    
    4123.007    
    4088.528    
    4052.176    
    4019.045    
    3985.827    
    3952.830    
    3921.939    
    3892.565    
    3861.887    
    3833.291    
    3802.938    
    3772.946    
    3744.965    
    3715.282    
    3687.288    
    3659.905    
    3631.498    
    3604.465    
    3578.138    
    3550.121    
    3522.990    
    3494.639    
    3464.861    
    3436.523    
    3410.362    
    3382.516    
    3353.331    
    3327.062    
    3299.587    
    3270.257    
    3241.629    
    3215.503    
    3187.902    
    3162.781    
    3138.819    
    3115.690    
    3093.740    
    3072.658    
    3054.465    
    3035.162    
    3018.254    
    3000.484    
    2983.738    
    2967.853    
    2951.814    
    2937.934    
    2923.157    
    2907.808    
    2895.232    
    2881.489    
