    319.5781    
    314.8296    
    311.8602    
    309.7968    
    309.3366    
    303.0701    
    302.1674    
    299.5719    
    297.4720    
    294.2835    
    288.5921    
    284.2268    
    286.7306    
    281.2742    
    274.9608    
    272.1408    
    273.2925    
    268.8138    
    269.7472    
    271.7887    
    267.2514    
    266.0921    
    265.2983    
    261.8974    
    263.1866    
    259.5557    
    259.9046    
    258.4087    
    258.9462    
    256.5149    
    257.2853    
    256.2868    
    254.4403    
    252.3960    
    250.8489    
    253.1895    
    251.9344    
    253.0515    
    247.4331    
    244.8790    
    245.8299    
    246.3553    
    240.8331    
    240.8528    
    244.3481    
    237.0233    
    236.0822    
    237.5987    
    240.3967    
    234.7811    
    233.8386    
    234.7746    
    233.9548    
    233.9718    
    231.8579    
    233.2795    
    229.8266    
    227.2860    
    223.9102    
    225.0641    
    224.8175    
    222.5410    
    220.6425    
    220.2281    
    222.6149    
    219.3886    
    220.2875    
    219.8583    
    216.2735    
    212.5922    
    213.3623    
    215.2832    
    213.8916    
    210.2852    
    212.8220    
    208.5470    
    206.5814    
    208.8343    
    206.6831    
    204.4420    
    206.1166    
    205.1544    
    200.6569    
    202.4022    
    206.7985    
    202.0596    
