   0.3818906    
   0.3856324    
   0.3887418    
   0.3747966    
   0.3733540    
   0.3672193    
   0.3584455    
   0.3589171    
   0.3548467    
   0.3482138    
   0.3486077    
   0.3405381    
   0.3248747    
   0.3298667    
   0.3339529    
   0.3248349    
   0.3167731    
   0.3204518    
   0.3121870    
   0.3114056    
   0.3044837    
   0.3031812    
   0.3017483    
   0.3063942    
   0.3002285    
   0.2980040    
   0.2964933    
   0.2878834    
   0.2810804    
   0.2817037    
   0.2791481    
   0.2765135    
   0.2790250    
   0.2874736    
   0.2790627    
   0.2646214    
   0.2663280    
   0.2687685    
   0.2726599    
   0.2665335    
   0.2590031    
   0.2624209    
   0.2688405    
   0.2571790    
   0.2609199    
   0.2642268    
   0.2660965    
   0.2581221    
   0.2515303    
   0.2596945    
   0.2694601    
   0.2534259    
   0.2480115    
   0.2592078    
   0.2468074    
   0.2493800    
   0.2552849    
   0.2530846    
   0.2446491    
   0.2432485    
   0.2475138    
   0.2518882    
   0.2480559    
   0.2387268    
   0.2385604    
   0.2466489    
   0.2409249    
   0.2362811    
   0.2455725    
   0.2395872    
   0.2342806    
   0.2365720    
   0.2440817    
   0.2323943    
   0.2309337    
   0.2384590    
   0.2343939    
   0.2267049    
   0.2372624    
   0.2364917    
   0.2350903    
   0.2387401    
   0.2378807    
   0.2279403    
   0.2218238    
   0.2372470    
