   9.2249669E-02
   9.4463401E-02
   9.5832400E-02
   9.0410113E-02
   9.1393657E-02
   8.7494798E-02
   8.6472511E-02
   8.7543778E-02
   8.6012959E-02
   8.4120065E-02
   8.6583190E-02
   8.3352841E-02
   7.8348003E-02
   8.2170673E-02
   8.5560746E-02
   8.1736304E-02
   7.8736179E-02
   8.0661662E-02
   7.7574499E-02
   7.7801391E-02
   7.5851686E-02
   7.5527988E-02
   7.5681560E-02
   7.7796258E-02
   7.5973146E-02
   7.6100662E-02
   7.5741291E-02
   7.3049434E-02
   7.0438437E-02
   7.1903624E-02
   7.1545690E-02
   7.0525967E-02
   7.2590083E-02
   7.6688223E-02
   7.4436501E-02
   6.8654157E-02
   6.9408059E-02
   7.1098186E-02
   7.2763361E-02
   7.1281239E-02
   6.8083771E-02
   6.9326855E-02
   7.3448397E-02
   6.7730181E-02
   6.9027014E-02
   7.1969725E-02
   7.2506540E-02
   6.9508828E-02
   6.6880919E-02
   7.0617341E-02
   7.5357042E-02
   6.8407021E-02
   6.6245504E-02
   7.1599886E-02
   6.6235892E-02
   6.7121513E-02
   7.0597596E-02
   7.0634179E-02
   6.7415364E-02
   6.6769347E-02
   6.8351634E-02
   7.0820265E-02
   6.9683582E-02
   6.5939903E-02
   6.6022478E-02
   6.9856964E-02
   6.6841088E-02
   6.5481983E-02
   6.9673546E-02
   6.8104021E-02
   6.5694563E-02
   6.6428743E-02
   6.9971658E-02
   6.5577328E-02
   6.4584307E-02
   6.8630643E-02
   6.7433409E-02
   6.3331120E-02
   6.8177432E-02
   6.8197221E-02
   6.7474790E-02
   6.9260560E-02
   6.9407396E-02
   6.5228425E-02
   6.2366005E-02
   6.8880685E-02
