    376.7778    
    373.2603    
    382.8752    
    375.6772    
    374.2434    
    380.8102    
    368.2051    
    366.4884    
    372.0763    
    377.1696    
    372.5470    
    372.9604    
    364.5865    
    366.3580    
    373.0618    
    369.1767    
    358.7431    
    368.5150    
    364.0739    
    360.1962    
    356.3420    
    349.2572    
    353.3731    
    367.7694    
    359.4622    
    350.7473    
    359.5246    
    347.2574    
    344.9020    
    349.1503    
    345.8440    
    348.1505    
    359.3084    
    366.1080    
    351.3699    
    348.0829    
    344.0200    
    344.0299    
    351.8677    
    346.0013    
    334.5803    
    343.3214    
    344.4740    
    341.3417    
    349.2626    
    346.5145    
    351.3026    
    339.1874    
    333.6681    
    346.4305    
    350.1341    
    341.7069    
    337.3539    
    339.9861    
    339.2928    
    342.9508    
    339.4529    
    341.5687    
    330.1561    
    328.5319    
    343.8447    
    340.5844    
    335.4494    
    335.0835    
    325.9282    
    332.0949    
    341.4527    
    327.6988    
    338.5193    
    328.7190    
    322.0816    
    331.0632    
    332.7527    
    321.6549    
    329.8078    
    329.7895    
    324.5779    
    325.2554    
    325.7711    
    329.7552    
    324.7340    
    332.6094    
    332.2742    
    323.5911    
    311.5370    
    334.7370    
