   2.4304837E-04
   2.4525367E-04
   2.5024478E-04
   2.4627225E-04
   2.4809345E-04
   2.5030776E-04
   2.4588977E-04
   2.5136545E-04
   2.5028118E-04
   2.5365592E-04
   2.5678103E-04
   2.5608405E-04
   2.5021835E-04
   2.5790519E-04
   2.6038251E-04
   2.6144055E-04
   2.5703522E-04
   2.6203186E-04
   2.5886108E-04
   2.5985259E-04
   2.5813447E-04
   2.6012809E-04
   2.6133642E-04
   2.6751860E-04
   2.6262380E-04
   2.6324682E-04
   2.6491823E-04
   2.6103613E-04
   2.5844871E-04
   2.6155656E-04
   2.5954295E-04
   2.6070228E-04
   2.6549623E-04
   2.6947129E-04
   2.6659746E-04
   2.5951679E-04
   2.6298835E-04
   2.6383740E-04
   2.7033093E-04
   2.6595363E-04
   2.6229178E-04
   2.6643893E-04
   2.7139534E-04
   2.6346563E-04
   2.7109162E-04
   2.7227055E-04
   2.7227914E-04
   2.6745803E-04
   2.6478400E-04
   2.7266968E-04
   2.7339073E-04
   2.6729432E-04
   2.6843938E-04
   2.7591886E-04
   2.6708911E-04
   2.7211526E-04
   2.7588315E-04
   2.7299611E-04
   2.6846465E-04
   2.7135629E-04
   2.7362877E-04
   2.7662690E-04
   2.7524267E-04
   2.7222597E-04
   2.6949937E-04
   2.7617559E-04
   2.7493478E-04
   2.7176246E-04
   2.8253385E-04
   2.7682548E-04
   2.7401853E-04
   2.7697778E-04
   2.8086334E-04
   2.7253255E-04
   2.7435631E-04
   2.7778756E-04
   2.7723485E-04
   2.7404926E-04
   2.8171515E-04
   2.7836344E-04
   2.7771480E-04
   2.8083392E-04
   2.8084128E-04
   2.7310514E-04
   2.6822233E-04
   2.8243955E-04
