0.1416885
1544.41
0.1422226
1528.548
0.1425966
1548.845
0.1398397
1518.586
0.139444
1494.433
0.1419949
1494.833
0.1410711
1503.013
0.1378156
1470.486
0.1380891
1440.854
0.1389471
1433.613
0.1397752
1424.295
0.1384651
1429.333
0.138062
1385.276
0.139525
1368.394
0.1390056
1375.82
0.1382123
1362.226
0.1375889
1355.088
0.1365183
1336.494
0.1374625
1342.805
0.1366664
1350.328
0.1367223
1315.531
0.1372793
1324.803
0.136774
1332.06
0.1353255
1311.874
0.1357822
1303.684
0.1351978
1287.159
0.1368249
1296.403
0.1372354
1303.995
0.1357505
1295.472
0.1364792
1263.7
0.137332
1267.627
0.1375728
1279.548
0.1368678
1257.129
0.1389303
1244.917
0.1398477
1252.996
0.1383129
1240.398
0.1381504
1238.828
0.1371876
1236.763
0.13646
1213.586
0.1393613
1213.477
0.1391795
1232.455
0.1376461
1215.893
0.1359813
1214.012
0.1357773
1189.463
0.1359251
1191.214
0.1369902
1201.596
0.1365404
1210.744
0.1351776
1191.201
0.1346735
1180.373
0.1351014
1167.925
0.1357319
1163.57
0.1367327
1176.616
0.1358336
1165.32
0.1362756
1166.367
0.1357158
1172.501
0.1345532
1159.59
0.1346972
1140.395
0.1340222
1138.12
0.1343646
1127.989
0.1342963
1126.694
0.1341682
1126.373
0.1339417
1106.47
0.1367464
1122.86
0.1351889
1145.667
0.1347751
1102.311
0.1354501
1106.215
0.135449
1097.264
0.136445
1111.488
0.1348801
1103.345
0.1323059
1068.326
0.1331365
1067.316
0.1343326
1093.594
0.132434
1077.91
0.1330643
1070.416
0.1325693
1073.002
0.1338272
1073.258
0.1327868
1058.64
0.1343982
1049.084
0.1327957
1060.385
0.1318161
1034.217
0.1320817
1031.167
0.1323229
1028.971
0.1333123
1041.376
0.1324323
1034.425
0.1330632
1035.472
0.1331246
1031.104
