0.07266834
2642.528
0.07213287
2621.959
0.07140575
2625.498
0.07191467
2589.517
0.07171006
2590.546
0.0712584
2563.137
0.07195421
2526.674
0.07120877
2532.61
0.07157388
2501.087
0.07103415
2494.531
0.07058409
2465.143
0.07015417
2437.727
0.07142647
2421.427
0.07067238
2403.203
0.07030496
2358.557
0.06971484
2356.14
0.07055315
2335.445
0.06960966
2325.634
0.07010941
2319.572
0.07008643
2336.885
0.07010964
2297.478
0.06976866
2299.649
0.0697023
2292.325
0.0684274
2301.546
0.06955297
2278.235
0.0689589
2266.256
0.06911205
2260.58
0.0694249
2237.308
0.06996478
2227.355
0.0694287
2218.848
0.07002717
2205.588
0.06961624
2210.699
0.06909724
2213.38
0.06890176
2203.535
0.06948183
2172.649
0.06999752
2168.169
0.06962521
2173.229
0.06973495
2176.785
0.06825163
2174.882
0.06921827
2123.415
0.0694861
2124.845
0.06873372
2150.195
0.06822564
2118.826
0.06880707
2097.751
0.06810232
2156.444
0.06735587
2109.358
0.06743985
2095.03
0.06829526
2086.103
0.06891216
2090.212
0.0674954
2085.072
0.0677485
2068.16
0.06816349
2053.303
0.06779797
2068.26
0.06743648
2081.753
0.06782948
2036.239
0.06747748
2073.992
0.06725291
2051.369
0.06756065
2012.025
0.06750167
1982.296
0.06701931
2006.809
0.06685606
2004.177
0.06664951
1996.034
0.06658082
1985.272
0.06696906
1963.955
0.06769191
1962.211
0.06678208
1959.654
0.06675715
1970.538
0.06722119
1949.258
0.06549641
1971.789
0.06668555
1922.319
0.06700142
1915.04
0.06621517
1943.768
0.0663856
1935.92
0.06755918
1887.323
0.06704021
1911.766
0.06684101
1890.005
0.06691028
1873.301
0.06731751
1883.344
0.06630374
1893.52
0.0666137
1860.326
0.06686116
1868.313
0.06648394
1869.609
0.06624471
1836.394
0.06728976
1824.188
0.06839062
1830.082
0.06635436
1847.685
