0.147022
1011.081
0.1485399
999.0476
0.1493952
995.8032
0.1469389
1000.159
0.1475595
992.6677
0.1479078
985.2257
0.1490447
976.3607
0.1497625
970.963
0.1477243
974.1508
0.1475718
971.475
0.1470452
963.5327
0.1477212
958.2924
0.1481557
950.5978
0.1457328
955.2654
0.1463915
945.7294
0.146047
943.0488
0.1479699
935.712
0.1474305
930.5899
0.1464615
931.0807
0.1439578
935.2401
0.1451136
925.7797
0.1456984
921.9052
0.1439261
921.1199
0.1447966
915.6355
0.1450132
912.7012
0.1441768
911.6253
0.1456908
904.5863
0.1457832
899.675
0.1453429
896.8751
0.1447836
894.6996
0.1458744
886.1135
0.1443833
887.5704
0.1428255
888.1758
0.1456349
875.1754
0.1448306
880.5801
0.1442942
875.5884
