0.1660391
1382.244
0.1636754
1374.204
0.1618515
1359.035
0.1640562
1334.421
0.1597354
1338.297
0.1602572
1315.773
0.1605369
1297.659
0.1607323
1275.565
0.161681
1261.342
0.1576541
1264.63
0.1595064
1237.364
0.1570807
1232.996
0.1574161
1205.472
0.1573683
1190.368
0.1558726
1183.056
0.1567115
1159.731
0.1544301
1161.028
0.1539696
1155.604
0.1540721
1147.225
0.1515673
1157.229
0.154678
1134.931
0.1546885
1129.182
0.1545996
1129.984
0.1539181
1121.801
0.1543211
1120.826
0.1505663
1126.408
0.153355
1102.763
0.1522461
1104.467
0.1521951
1099.01
0.1515903
1097.014
0.1499981
1095.507
0.1548284
1070.17
0.15349
1072.549
0.1513178
1078.3
0.1538978
1059.205
0.1520728
1061.861
0.151557
1059.937
0.1522111
1049.413
0.1497114
1053.039
0.1522334
1039.437
0.1516589
1039.589
0.1485886
1043.859
0.1521823
1025.099
0.1499701
1029.661
0.1507537
1020.285
0.1505877
1017.349
0.1492304
1018.342
0.1500372
1007.182
0.1491775
1007.168
0.1477753
1012.359
