    5007.168    
    5037.246    
    5089.493    
    5136.026    
    5179.968    
    5222.585    
    5271.121    
    5318.338    
    5364.400    
    5411.881    
    5460.463    
    5509.131    
    5557.289    
    5609.790    
    5663.211    
    5716.175    
    5769.240    
    5822.637    
    5875.493    
    5926.559    
    5977.796    
    6027.542    
    6081.432    
    6137.781    
    6189.384    
    6240.128    
    6293.072    
    6345.762    
    6396.038    
    6444.786    
    6495.119    
    6546.734    
    6598.824    
    6654.094    
    6705.781    
    6756.157    
    6806.451    
    6855.373    
    6903.335    
    6953.522    
    7004.941    
    7057.892    
    7106.330    
    7157.004    
    7208.397    
    7258.364    
    7310.625    
    7363.549    
    7414.278    
    7467.815    
    7521.623    
    7571.590    
    7619.602    
    7668.874    
    7722.334    
    7774.934    
    7824.730    
    7873.877    
    7929.299    
    7988.283    
    8041.447    
    8091.672    
    8142.498    
    8197.146    
    8249.265    
    8303.489    
    8360.753    
    8412.745    
    8463.042    
    8511.448    
    8560.632    
    8611.141    
    8661.829    
    8711.244    
    8759.175    
    8807.151    
    8854.643    
    8900.845    
    8949.068    
    8993.828    
    9022.106    
    9065.915    
    9104.488    
    9146.605    
    9191.796    
    9237.864    
