    324.0668    
    314.5975    
    314.0186    
    324.3579    
    326.0962    
    326.5415    
    323.2874    
    328.1327    
    336.8250    
    325.2242    
    324.6758    
    333.7001    
    334.2122    
    331.1591    
    328.2796    
    335.9111    
    333.8673    
    331.8313    
    330.6711    
    337.3233    
    339.6272    
    333.5467    
    331.8598    
    341.7103    
    343.7769    
    340.2664    
    333.5822    
    342.7011    
    347.2291    
    343.5664    
    338.8678    
    346.6452    
    342.0989    
    344.8477    
    351.2439    
    345.0864    
    348.2686    
    349.7134    
    341.2786    
    352.9331    
    359.2381    
    346.6323    
    346.0322    
    350.2318    
    348.5996    
    347.9713    
    347.0008    
    350.4077    
    353.8485    
    344.3671    
    350.7588    
    361.2190    
    358.1812    
    347.3357    
    351.6230    
    362.2011    
    356.9480    
    345.7484    
    346.5959    
    351.7055    
    362.1890    
    361.0568    
    353.0717    
    358.1794    
    358.3402    
    355.8138    
    354.3370    
    358.6597    
    362.5143    
    362.2250    
    355.2199    
    354.4905    
    355.5385    
    355.0250    
    357.2136    
    353.7027    
    368.5148    
    366.6706    
    356.1260    
    366.4163    
    368.1674    
    357.4238    
    361.1397    
    357.7663    
    359.4741    
    361.7845    
