   1.9200997E-04
   1.8745166E-04
   1.8547750E-04
   1.9298814E-04
   1.9052396E-04
   1.9208693E-04
   1.8733658E-04
   1.9023231E-04
   1.9204710E-04
   1.8500436E-04
   1.8378330E-04
   1.8852326E-04
   1.8925575E-04
   1.8590641E-04
   1.8390839E-04
   1.8866484E-04
   1.8637841E-04
   1.8248703E-04
   1.8059235E-04
   1.8217874E-04
   1.8260271E-04
   1.7757568E-04
   1.7875562E-04
   1.8361764E-04
   1.8344204E-04
   1.8146046E-04
   1.7539311E-04
   1.8102687E-04
   1.8213085E-04
   1.7982822E-04
   1.7415964E-04
   1.7925496E-04
   1.7621834E-04
   1.7396819E-04
   1.7820060E-04
   1.7479085E-04
   1.7453863E-04
   1.7570099E-04
   1.7259140E-04
   1.8040265E-04
   1.8172998E-04
   1.7352829E-04
   1.7372084E-04
   1.7516575E-04
   1.7227588E-04
   1.7165947E-04
   1.7081674E-04
   1.7430626E-04
   1.7467974E-04
   1.6990361E-04
   1.7281364E-04
   1.7686974E-04
   1.7374697E-04
   1.6849226E-04
   1.7054443E-04
   1.7454660E-04
   1.7187878E-04
   1.6806494E-04
   1.6692806E-04
   1.7128531E-04
   1.7565775E-04
   1.7372159E-04
   1.7061793E-04
   1.7258880E-04
   1.7093611E-04
   1.7064104E-04
   1.6867591E-04
   1.7019380E-04
   1.7177216E-04
   1.7045050E-04
   1.6683100E-04
   1.6563368E-04
   1.6510632E-04
   1.6532093E-04
   1.6599482E-04
   1.6289530E-04
   1.7174061E-04
   1.6975672E-04
   1.6581370E-04
   1.6969258E-04
   1.7039570E-04
   1.6324785E-04
   1.6722520E-04
   1.6559956E-04
   1.6573373E-04
   1.6375475E-04
