8.604174
8.591167
8.544917
8.485072
8.507721
8.528114
8.45295
8.410289
8.49141
8.507885
8.487165
8.412413
8.482757
8.545087
8.480497
8.409638
8.418527
8.421284
8.404658
8.336892
8.45375
8.397476
8.371265
8.372663
8.43029
8.411974
8.428173
8.452746
8.398652
8.515278
8.504643
8.479389
8.514071
8.620835
8.628026
8.60368
8.599864
8.564734
8.61374
8.714329
8.6802
8.592815
8.526993
8.618553
8.56512
8.558071
8.527769
8.501858
8.511844
8.546742
8.554346
8.545302
8.537182
8.560327
8.474633
8.450174
8.488773
8.468193
8.528904
8.49422
8.49968
8.540684
8.559983
8.423488
8.527027
8.520935
8.51265
8.491785
8.476011
8.433503
8.466996
8.404612
8.362948
8.433593
8.375922
8.431859
8.426296
8.484309
8.388144
8.405969
8.412964
8.423157
8.414714
8.397339
8.402331
8.392453
