7.790686
7.759227
7.67871
7.717753
7.66715
7.599041
7.687059
7.548154
7.600591
7.547298
7.520444
7.489837
7.525511
7.456518
7.511375
7.419149
7.495141
7.419338
7.464806
7.382187
7.418552
7.338156
7.36206
7.299587
7.38392
7.358153
7.373802
7.390594
7.373884
7.380404
7.402005
7.367744
7.345365
7.384102
7.413855
7.433034
7.382421
7.414647
7.278134
7.371736
7.382535
7.308661
7.316726
7.332493
7.179664
7.235114
7.23992
7.230314
7.225467
7.150399
7.257234
7.223175
7.101433
7.093723
7.171088
7.007078
7.07414
7.166465
7.156454
7.059337
7.076597
7.058791
7.082747
7.05426
7.117442
7.051322
7.018413
7.033332
6.907774
6.999984
7.021342
6.949172
6.949282
7.038755
6.983218
6.987445
6.981258
6.942622
6.862151
6.993743
6.976855
6.952914
6.984673
7.039537
7.089557
6.91724
