   1860.44   1860.44      0.00
   1887.23   1891.61     -0.23
   1908.99   1916.67     -0.40
   1926.71   1936.26     -0.49
   1933.36   1950.92     -0.90
   1938.31   1961.15     -1.16
   1941.14   1968.10     -1.37
   1943.19   1972.11     -1.47
   1942.80   1973.48     -1.55
   1932.84   1972.47     -2.01
   1925.63   1969.31     -2.22
   1912.51   1964.24     -2.63
   1901.92   1957.43     -2.84
   1888.68   1949.07     -3.10
   1871.93   1939.31     -3.47
   1856.81   1928.30     -3.71
   1838.71   1916.83     -4.08
   1820.59   1904.95     -4.43
   1803.02   1892.71     -4.74
   1781.04   1880.13     -5.27
   1766.23   1867.26     -5.41
   1750.89   1854.12     -5.57
   1734.68   1840.74     -5.76
   1718.74   1827.14     -5.93
   1701.88   1813.35     -6.15
   1681.48   1799.39     -6.55
   1667.31   1785.68     -6.63
   1651.08   1772.21     -6.84
   1635.79   1758.94     -7.00
   1619.68   1745.86     -7.23
   1602.58   1732.95     -7.52
   1592.92   1720.18     -7.40
   1581.13   1707.56     -7.40
   1566.58   1695.05     -7.58
   1556.36   1682.66     -7.51
   1543.42   1670.36     -7.60
   1529.89   1658.57     -7.76
   1518.47   1647.23     -7.82
   1504.88   1636.31     -8.03
   1495.30   1625.75     -8.02
   1483.98   1615.52     -8.14
   1470.35   1605.59     -8.42
   1461.87   1595.92     -8.40
   1451.60   1586.50     -8.50
   1443.26   1577.29     -8.50
   1434.26   1568.27     -8.55
   1424.24   1559.28     -8.66
   1415.87   1550.30     -8.67
   1406.29   1541.34     -8.76
   1393.87   1532.39     -9.04
   1380.87   1523.46     -9.36
   1371.09   1514.54     -9.47
   1361.90   1505.63     -9.55
   1350.10   1496.73     -9.80
   1338.93   1487.84    -10.01
   1329.30   1478.96    -10.12
   1321.88   1469.99    -10.08
   1314.53   1460.93    -10.02
   1304.66   1451.81    -10.14
   1294.36   1442.62    -10.28
   1284.08   1433.36    -10.42
   1274.93   1424.06    -10.47
   1266.53   1414.71    -10.47
   1255.89   1405.32    -10.63
   1245.40   1395.88    -10.78
   1234.80   1386.42    -10.94
   1227.44   1377.57    -10.90
   1219.61   1369.28    -10.93
   1211.82   1361.50    -10.99
   1200.65   1354.17    -11.34
   1192.56   1347.24    -11.48
   1185.37   1340.68    -11.58
   1177.42   1334.44    -11.77
   1171.48   1328.51    -11.82
   1165.75   1322.83    -11.87
   1159.04   1317.40    -12.02
   1153.80   1312.22    -12.07
   1149.25   1307.28    -12.09
   1145.38   1302.55    -12.07
   1139.86   1298.01    -12.18
   1136.88   1293.64    -12.12
   1132.28   1289.42    -12.19
   1126.19   1285.33    -12.38
   1124.15   1281.38    -12.27
   1119.54   1277.53    -12.37
   1114.52   1273.78    -12.50
