   1798.26   1798.26      0.00
   1773.41   1774.34     -0.05
   1746.58   1750.71     -0.24
   1721.62   1727.31     -0.33
   1695.63   1704.12     -0.50
   1668.28   1681.11     -0.76
   1644.98   1658.96     -0.84
   1618.69   1637.56     -1.15
   1595.29   1616.82     -1.33
   1571.40   1596.63     -1.58
   1547.86   1576.92     -1.84
   1524.52   1557.64     -2.13
   1503.17   1538.72     -2.31
   1480.71   1520.11     -2.59
   1460.63   1501.77     -2.74
   1438.69   1483.67     -3.03
   1420.26   1466.44     -3.15
   1400.90   1449.98     -3.38
   1383.87   1434.17     -3.51
   1365.60   1418.93     -3.76
   1349.26   1404.18     -3.91
   1331.67   1389.86     -4.19
   1315.62   1375.91     -4.38
   1298.77   1362.27     -4.66
   1284.80   1348.91     -4.75
   1270.64   1335.79     -4.88
   1257.71   1323.29     -4.96
   1245.86   1311.32     -4.99
   1234.16   1299.82     -5.05
   1223.11   1288.72     -5.09
   1212.97   1277.96     -5.09
   1202.36   1267.51     -5.14
   1191.60   1257.31     -5.23
   1182.08   1247.34     -5.23
   1173.41   1237.57     -5.18
   1165.21   1227.96     -5.11
   1156.37   1218.91     -5.13
   1148.73   1210.35     -5.09
   1138.52   1202.21     -5.30
   1131.04   1194.44     -5.31
   1124.12   1186.98     -5.30
   1115.90   1179.79     -5.42
   1108.29   1172.84     -5.50
   1101.37   1166.09     -5.55
   1091.50   1159.51     -5.87
   1083.51   1153.09     -6.03
   1075.88   1146.65     -6.17
   1068.27   1140.19     -6.31
   1060.78   1133.71     -6.43
   1051.94   1127.21     -6.68
   1045.67   1120.71     -6.70
   1038.74   1114.19     -6.77
   1029.46   1107.66     -7.06
   1020.50   1101.13     -7.32
   1013.53   1094.59     -7.41
   1003.38   1088.04     -7.78
    995.12   1081.39     -7.98
    988.90   1074.65     -7.98
    982.42   1067.84     -8.00
    974.00   1060.96     -8.20
    966.19   1054.02     -8.33
    958.20   1047.03     -8.48
    950.87   1040.00     -8.57
    943.10   1032.93     -8.70
    936.68   1025.84     -8.69
    928.98   1018.71     -8.81
    921.48   1012.21     -8.96
    915.04   1006.25     -9.06
    906.86   1000.77     -9.38
    901.31    995.69     -9.48
    896.65    990.96     -9.52
    891.03    986.54     -9.68
    885.92    982.38     -9.82
    882.86    978.45     -9.77
    878.93    974.72     -9.83
    875.33    971.15     -9.87
    871.87    967.78     -9.91
    867.95    964.58    -10.02
    862.86    961.52    -10.26
    860.62    958.58    -10.22
    858.14    955.75    -10.21
    855.31    953.02    -10.25
    853.18    950.36    -10.23
    852.03    947.78    -10.10
    851.62    945.26     -9.91
    847.99    942.79    -10.05
