   1820.38   1820.38      0.00
   1815.25   1815.57     -0.02
   1806.65   1808.40     -0.10
   1794.68   1799.15     -0.25
   1781.80   1788.10     -0.35
   1768.08   1775.45     -0.41
   1751.97   1762.11     -0.58
   1734.58   1748.17     -0.78
   1719.11   1733.70     -0.84
   1703.71   1718.77     -0.88
   1687.49   1703.43     -0.94
   1669.29   1687.74     -1.09
   1652.77   1671.73     -1.13
   1637.49   1655.45     -1.08
   1620.40   1638.93     -1.13
   1601.59   1622.19     -1.27
   1583.77   1605.95     -1.38
   1566.69   1590.14     -1.47
   1549.81   1574.70     -1.58
   1531.99   1559.60     -1.77
   1517.40   1544.78     -1.77
   1501.87   1530.23     -1.85
   1486.16   1515.89     -1.96
   1470.90   1501.75     -2.05
   1457.19   1487.78     -2.06
   1443.26   1473.96     -2.08
   1430.26   1460.69     -2.08
   1418.23   1447.90     -2.05
   1405.47   1435.53     -2.09
   1395.45   1423.52     -1.97
   1385.32   1411.84     -1.88
   1374.82   1400.44     -1.83
   1365.12   1389.29     -1.74
   1357.47   1378.36     -1.52
   1349.73   1367.62     -1.31
   1341.35   1357.05     -1.16
   1333.19   1347.04     -1.03
   1324.67   1337.53     -0.96
   1317.34   1328.45     -0.84
   1311.94   1319.75     -0.59
   1305.87   1311.39     -0.42
   1298.28   1303.31     -0.39
   1289.72   1295.50     -0.45
   1283.09   1287.91     -0.37
   1275.61   1280.52     -0.38
   1268.19   1273.30     -0.40
   1260.28   1266.08     -0.46
   1252.00   1258.85     -0.54
   1244.04   1251.63     -0.61
   1236.78   1244.40     -0.61
   1229.65   1237.17     -0.61
   1222.36   1229.94     -0.62
   1214.95   1222.71     -0.64
   1207.95   1215.48     -0.62
   1199.50   1208.25     -0.72
   1190.80   1201.02     -0.85
   1182.85   1193.69     -0.91
   1174.56   1186.28     -0.99
   1167.30   1178.79     -0.97
   1159.40   1171.23     -1.01
   1151.58   1163.62     -1.03
   1144.40   1155.95     -1.00
   1137.43   1148.24     -0.94
   1128.17   1140.49     -1.08
   1120.72   1132.71     -1.06
   1113.11   1124.90     -1.05
   1105.98   1117.71     -1.05
   1099.08   1111.08     -1.08
   1092.47   1104.92     -1.13
   1085.70   1099.19     -1.23
   1079.95   1093.83     -1.27
   1073.64   1088.79     -1.39
   1067.15   1084.04     -1.56
   1062.21   1079.54     -1.60
   1056.70   1075.25     -1.73
   1052.38   1071.16     -1.75
   1048.23   1067.29     -1.79
   1045.16   1063.60     -1.73
   1040.78   1060.08     -1.82
   1036.92   1056.70     -1.87
   1033.36   1053.45     -1.91
   1030.10   1050.30     -1.92
   1026.85   1047.26     -1.95
   1023.46   1044.30     -2.00
   1020.28   1041.42     -2.03
   1017.07   1038.60     -2.07
